10
10
0,0
9,9
1,1,2,1,3,1,1,2,4,1
2,2,1,4,3,1,1,1,2,1
1,3,-1,4,2,1,2,3,2,1
4,2,2,3,4,2,3,1,1,2
4,3,1,4,-1,2,3,4,1,1
3,1,1,1,1,3,2,1,1,1
1,1,4,2,1,1,-1,4,3,2
4,1,2,1,4,2,4,4,3,1
2,3,1,3,3,4,3,1,-1,4
2,1,1,3,4,2,1,1,4,6
13
0,0
12,12
3,3,2,1,2,2,2,2,2,1,1,1,1
1,1,4,4,4,1,4,1,2,2,1,1,1
4,2,-1,1,2,3,1,1,1,3,4,4,3
1,2,4,3,4,1,3,3,1,1,4,1,3
3,1,1,1,-1,1,4,3,4,3,1,1,3
1,4,4,4,4,2,1,3,1,2,1,4,1
2,1,2,3,1,2,-1,1,3,1,4,2,1
3,3,3,3,1,3,4,1,4,3,3,3,3
1,1,4,3,3,3,4,2,-1,1,4,3,1
3,1,4,2,1,4,1,1,4,4,1,4,2
2,4,2,2,1,4,3,1,2,3,-1,3,1
3,1,2,1,1,1,1,1,1,3,1,1,1
4,1,2,1,3,1,2,3,4,2,2,4,7
16
0,0
15,15
9,4,1,3,1,3,1,1,1,3,4,1,3,4,1,4
1,4,3,3,3,1,1,1,1,4,1,1,4,1,2,1
2,1,-1,4,3,2,2,3,2,4,4,1,1,2,2,1
1,3,2,1,1,4,4,1,4,4,1,1,2,1,3,2
1,4,3,1,-1,2,4,1,1,1,4,2,2,2,1,1
1,2,4,1,2,3,3,3,1,4,1,4,1,4,1,2
1,4,4,4,4,3,-1,1,1,1,2,4,4,3,1,1
2,4,3,1,4,1,4,4,2,2,1,4,1,2,3,3
4,2,3,3,3,1,3,3,-1,3,3,3,3,1,4,2
1,3,4,1,1,3,2,4,1,3,3,3,2,3,2,1
1,2,1,1,3,2,4,1,1,4,-1,1,4,3,2,1
3,1,2,4,2,4,3,4,2,3,3,1,1,2,3,4
1,1,4,4,2,1,2,4,4,4,4,1,-1,3,1,2
1,3,1,4,4,2,3,2,1,3,4,4,1,2,1,1
4,1,2,1,2,1,2,3,1,1,4,1,1,1,-1,2
4,1,1,4,2,4,3,1,3,2,1,1,1,1,4,3
19
0,0
18,18
8,1,1,2,1,1,1,1,3,2,2,2,1,4,1,2,1,2,4
1,4,4,4,1,1,1,3,2,3,3,1,1,4,1,2,1,1,4
2,1,-1,2,3,1,3,3,3,3,2,4,3,2,3,2,4,1,4
1,4,3,3,1,3,4,3,2,1,3,3,1,4,2,4,4,3,2
4,3,2,1,-1,2,1,2,1,2,1,1,2,4,1,2,1,1,1
2,1,4,1,3,1,1,1,1,2,1,4,1,4,3,1,3,1,1
2,2,4,2,1,1,-1,1,3,2,4,2,4,4,1,2,1,1,1
3,1,3,4,4,1,1,4,1,1,1,4,4,3,3,3,1,2,2
2,2,1,3,4,1,3,1,-1,3,4,4,3,4,2,2,1,3,4
1,2,4,2,1,1,2,1,3,3,3,3,1,1,1,3,2,1,3
1,1,3,1,4,1,1,3,1,4,-1,4,1,1,1,3,3,1,1
1,4,4,1,2,1,3,2,1,1,1,1,1,1,1,3,1,2,2
1,4,1,1,4,2,2,4,1,3,2,3,-1,3,2,1,1,3,4
4,2,2,4,2,1,2,4,4,3,3,1,1,3,4,2,2,3,1
3,3,4,2,2,4,1,1,2,1,2,1,1,4,-1,1,3,3,3
2,4,3,1,2,1,4,3,4,3,1,1,3,1,2,1,4,4,1
1,1,4,4,4,1,3,4,3,1,4,3,4,1,2,2,-1,2,1
2,2,1,1,1,4,1,4,1,1,3,2,4,1,1,3,1,3,2
1,2,1,1,1,4,2,2,1,2,2,4,1,1,1,2,3,1,3
22
0,0
21,21
2,1,4,2,4,2,2,2,1,1,3,1,2,1,1,1,1,1,1,3,4,1
1,1,2,1,3,4,1,1,1,1,3,3,2,3,2,1,1,1,3,1,1,1
2,3,-1,2,3,1,2,2,2,1,4,1,1,4,1,3,4,3,3,1,3,2
1,1,4,2,1,2,2,4,2,1,2,2,1,1,3,3,4,1,1,1,1,3
4,3,3,3,-1,2,1,2,4,1,1,1,2,3,2,2,2,1,3,4,4,4
1,4,1,2,4,1,2,2,1,1,2,1,2,2,4,2,4,3,1,1,1,4
1,3,1,2,2,2,-1,3,1,1,2,1,1,1,1,2,1,1,4,2,1,3
1,2,1,1,3,2,4,4,2,4,4,1,4,1,2,3,4,1,1,1,4,1
4,4,1,4,1,1,3,4,-1,1,2,1,3,1,4,4,1,3,4,1,3,1
2,3,3,3,4,1,1,3,3,1,1,3,3,1,1,3,2,1,1,1,1,1
3,1,1,4,1,4,2,4,4,4,-1,4,4,3,1,1,3,4,3,3,4,1
1,1,1,1,2,2,2,4,2,3,1,2,4,2,3,1,3,2,2,2,3,2
2,1,3,2,1,3,1,3,1,4,1,3,-1,3,1,1,4,4,3,1,2,4
4,1,1,2,1,1,1,3,4,1,3,3,3,2,3,1,1,1,1,1,3,1
3,1,1,2,4,1,1,3,1,4,4,3,4,1,-1,2,4,1,3,1,3,3
2,4,4,4,4,1,4,4,2,1,1,1,4,1,1,1,1,4,3,2,2,2
3,3,4,2,4,4,4,4,4,3,3,3,2,4,1,4,-1,4,4,4,1,1
2,3,4,1,2,2,2,2,4,1,1,1,4,1,2,4,3,1,2,1,2,1
3,4,1,3,3,2,1,1,2,2,4,1,4,1,3,1,3,4,-1,1,2,2
2,4,1,1,1,1,4,4,3,2,3,4,2,2,1,2,4,1,1,3,4,1
1,2,1,1,4,4,1,1,2,1,1,1,3,2,1,4,2,1,3,2,-1,1
4,3,3,1,4,1,4,3,1,1,2,4,2,3,3,1,4,2,3,1,3,5
25
0,0
24,24
1,3,3,1,1,1,1,2,1,4,3,1,1,2,1,2,1,4,1,3,3,1,1,2,1
4,4,4,1,1,2,4,3,2,4,1,1,2,2,1,4,1,3,1,1,3,2,1,2,1
1,1,-1,1,3,1,2,4,1,1,4,3,1,4,3,1,4,3,1,4,1,1,4,4,1
1,2,1,4,1,2,2,4,1,1,4,1,3,3,2,4,4,3,1,3,3,2,4,3,3
3,4,1,1,-1,1,3,2,3,3,1,1,1,4,2,1,3,1,2,3,3,1,2,3,2
2,1,1,2,4,2,1,3,2,2,3,1,1,2,3,4,4,1,1,4,3,1,4,3,2
3,3,1,1,1,4,-1,2,1,2,3,4,4,3,4,4,1,4,1,1,1,1,1,1,2
1,4,4,2,4,1,1,1,3,3,1,2,3,1,1,2,1,4,3,1,3,2,1,1,2
4,1,1,1,3,1,4,4,-1,1,3,3,2,3,1,2,2,4,2,1,4,4,1,1,4
1,4,2,1,1,1,1,3,2,2,1,2,1,1,3,4,1,1,3,4,3,1,3,2,2
1,1,3,1,1,1,1,2,4,2,-1,1,3,3,4,1,4,3,3,4,2,4,1,3,3
1,1,3,1,1,3,1,3,3,4,2,1,4,4,4,1,2,2,1,1,1,3,2,2,1
3,4,1,1,4,1,1,3,1,4,3,4,-1,2,1,2,4,1,3,1,2,2,4,4,3
1,2,2,4,4,1,2,1,3,3,1,4,1,1,1,3,1,2,1,2,4,2,3,1,1
1,2,1,2,3,3,4,1,2,3,1,3,1,1,-1,1,2,3,2,2,1,1,3,3,3
2,3,1,3,1,3,1,4,3,3,2,4,3,2,1,3,4,1,4,2,1,2,4,1,2
4,1,4,4,1,2,3,1,3,1,3,3,4,2,4,1,-1,1,1,1,3,3,1,1,1
2,2,2,4,2,4,3,1,4,2,3,1,1,1,1,4,3,2,1,3,1,1,4,3,1
2,1,4,3,3,1,2,1,3,1,4,3,1,1,4,3,1,1,-1,1,4,2,1,1,2
3,4,1,1,2,2,2,3,1,2,2,4,2,4,3,3,4,3,1,1,2,1,2,4,3
2,3,1,1,1,1,3,1,1,1,4,2,1,3,1,4,2,1,1,3,-1,1,4,3,2
2,1,2,4,1,3,4,1,3,4,2,1,4,2,2,1,2,1,2,2,3,1,1,1,1
4,1,2,1,4,4,3,2,3,2,2,3,1,2,2,1,4,4,1,4,2,2,-1,4,1
1,2,4,3,4,4,4,1,1,1,2,2,3,4,3,1,1,1,4,1,1,1,2,1,2
1,4,1,4,3,2,1,1,1,1,4,3,1,2,1,1,4,1,4,3,1,2,1,4,7
28
0,0
27,27
7,1,2,1,1,3,2,2,1,1,1,3,2,1,4,2,2,1,4,1,2,1,4,1,1,2,3,1
1,1,2,1,2,1,1,4,4,1,3,1,1,1,1,1,2,1,3,1,1,4,1,4,4,3,1,2
2,1,-1,3,2,2,3,4,1,1,1,1,1,4,2,4,2,3,4,4,3,4,3,1,3,1,1,4
4,4,1,1,4,1,4,3,1,4,4,1,1,1,1,1,1,1,2,3,3,4,4,3,3,4,4,4
1,2,1,2,-1,2,4,2,1,1,1,1,2,4,2,2,1,3,1,2,1,3,2,3,2,4,1,3
3,1,4,4,2,4,2,1,1,3,2,3,1,4,1,2,1,3,2,2,3,3,2,3,3,1,1,1
1,4,1,4,1,1,-1,4,4,4,1,3,2,4,1,1,3,4,2,4,2,1,4,1,4,3,3,3
4,1,1,1,1,4,1,1,4,1,2,1,1,4,3,1,1,2,1,3,3,1,1,1,1,1,2,3
4,1,3,1,3,1,1,3,-1,1,1,4,1,1,1,3,1,2,3,1,1,1,1,4,1,2,4,4
1,1,4,4,3,2,1,1,3,2,1,1,1,4,1,3,1,3,1,2,1,4,4,1,1,1,1,3
4,1,1,1,4,4,1,2,4,3,-1,4,1,1,1,4,1,3,2,3,1,3,1,3,4,1,1,2
2,3,1,3,4,2,3,3,4,2,2,1,1,2,4,3,1,1,2,1,1,1,1,3,4,1,2,1
3,1,3,2,4,1,1,1,3,1,1,2,-1,3,2,1,3,3,4,3,1,4,1,2,2,2,2,4
1,4,1,4,2,3,2,1,3,1,3,1,1,4,1,2,1,4,3,3,3,4,3,1,1,1,4,3
4,1,2,1,3,2,1,1,1,4,3,1,4,1,-1,2,1,4,4,3,4,4,3,4,4,1,4,1
3,1,4,3,1,3,3,4,1,1,1,2,1,4,3,2,1,2,1,4,3,4,4,2,4,2,3,1
1,4,1,4,4,1,4,3,1,4,2,2,2,1,1,3,-1,1,1,3,1,1,4,4,2,1,3,3
2,2,3,1,3,2,4,3,1,1,1,1,4,1,3,3,1,2,2,4,1,1,4,1,3,1,2,1
1,1,1,4,4,4,1,3,1,1,3,1,2,4,3,3,1,3,-1,1,2,4,4,3,1,1,1,4
1,3,1,3,1,2,4,2,4,1,2,2,2,1,1,1,1,4,4,4,4,1,4,4,2,1,2,3
1,3,4,2,3,1,2,3,1,3,1,4,1,4,2,4,4,1,1,2,-1,1,2,1,1,3,1,4
4,3,4,1,3,4,4,3,2,4,2,2,2,4,4,3,4,3,4,1,3,1,1,4,1,4,1,3
2,3,2,1,3,4,3,4,3,3,2,1,2,1,4,1,3,1,1,4,3,1,-1,1,1,1,2,3
2,4,1,1,4,4,3,2,3,2,3,3,2,1,1,4,4,1,2,2,2,4,1,1,2,3,4,3
1,3,1,4,2,2,1,3,3,4,3,3,1,1,3,1,4,3,4,4,2,4,1,4,-1,1,4,2
1,1,2,1,4,3,1,3,2,3,2,3,3,1,3,1,1,4,2,1,4,3,2,1,2,3,1,2
1,2,1,1,2,3,2,1,3,4,2,1,3,4,1,3,4,1,4,2,1,1,1,1,2,2,-1,1
3,2,4,3,1,1,4,3,1,3,2,4,4,4,2,4,3,3,2,4,1,4,3,2,2,4,2,2
31
0,0
30,30
1,1,3,2,1,4,4,1,4,1,1,1,1,2,2,2,2,2,3,1,1,1,1,2,2,3,1,1,2,4,3
1,1,3,2,3,4,2,1,3,4,4,2,4,1,4,4,3,4,2,1,2,2,2,4,4,1,1,1,1,1,4
1,3,-1,1,3,1,4,4,2,3,1,4,3,1,1,2,2,4,4,4,2,3,1,1,2,2,4,1,4,1,1
4,4,1,1,2,3,1,3,1,4,3,4,4,1,2,3,3,1,2,2,1,2,1,2,4,3,1,2,4,2,1
1,3,1,2,-1,3,2,2,4,3,2,1,2,3,2,1,2,1,4,1,1,1,2,3,3,2,1,1,1,1,2
4,1,2,1,4,3,3,1,4,4,3,4,1,4,4,2,3,1,1,4,3,1,4,4,3,3,1,1,2,3,3
1,3,2,2,1,1,-1,1,1,1,2,3,3,1,2,2,4,4,1,1,2,2,1,1,2,1,4,3,2,2,3
3,2,2,2,4,1,4,1,1,3,1,4,3,3,3,1,2,4,2,4,2,1,1,1,2,1,4,2,1,3,2
3,3,1,1,2,1,1,1,-1,1,1,3,4,3,3,1,2,3,1,2,1,1,1,1,1,3,2,3,3,2,1
1,1,1,3,1,2,1,1,1,3,3,4,4,3,2,3,1,1,4,1,2,1,2,1,1,1,4,1,3,1,1
4,4,3,4,4,1,2,1,4,2,-1,3,2,3,2,1,1,1,4,1,4,1,3,4,1,3,1,4,3,2,1
2,3,1,3,2,3,1,1,2,3,1,2,2,1,2,4,1,2,3,4,1,4,4,3,2,2,3,1,1,2,3
4,1,1,4,4,1,1,1,4,1,2,3,-1,2,1,2,1,2,2,4,1,3,3,1,3,2,1,1,4,4,2
1,1,3,1,3,4,2,1,1,4,4,4,4,1,4,4,3,4,1,2,1,2,2,1,1,1,4,1,1,3,1
2,2,3,3,2,1,2,4,2,1,3,1,3,4,-1,2,2,2,1,1,4,2,1,2,4,1,1,3,3,2,3
1,4,2,1,3,4,2,2,1,1,1,1,4,1,3,1,1,1,1,3,4,1,3,1,1,4,2,3,4,1,2
1,2,1,1,1,1,1,4,3,1,4,3,2,2,1,3,-1,3,2,1,4,3,1,2,1,1,1,4,1,3,3
3,1,4,4,1,1,2,1,4,1,2,1,3,1,1,1,4,2,1,1,1,3,2,4,4,4,1,1,1,4,3
1,1,4,1,4,1,3,1,1,4,4,1,2,4,1,1,4,2,-1,1,3,1,3,4,2,4,1,4,1,2,2
1,2,1,2,1,3,1,3,1,2,3,1,1,4,1,1,3,1,4,1,1,1,2,1,1,1,3,1,2,1,4
3,2,3,3,1,1,1,1,1,3,4,1,4,1,3,2,1,4,2,3,-1,1,1,2,2,3,1,2,3,1,4
3,1,2,1,3,3,2,4,2,2,1,2,1,2,2,1,3,1,1,3,3,2,1,3,4,4,3,4,2,1,3
2,3,1,4,3,3,1,4,2,1,1,4,4,4,2,1,1,1,1,3,1,2,-1,4,4,1,4,3,4,2,3
1,2,3,2,1,3,1,2,1,2,4,2,1,4,1,4,1,4,4,4,1,4,1,1,1,2,2,3,3,2,3
2,1,1,1,4,1,2,1,4,1,1,2,3,1,1,2,2,4,3,4,1,4,1,2,-1,1,2,4,4,1,2
3,2,1,2,1,2,4,2,1,1,3,1,1,1,1,1,4,1,1,3,2,1,4,1,1,1,1,1,2,1,1
2,4,1,4,2,1,1,1,3,4,1,4,1,1,2,2,2,2,2,1,1,4,1,1,1,2,-1,2,4,4,4
4,1,1,3,2,1,4,4,4,3,4,1,1,3,2,2,1,1,2,1,3,1,3,1,2,2,2,1,4,1,1
3,1,3,3,1,1,3,1,2,3,2,2,1,1,1,3,1,2,2,3,2,4,3,2,3,3,1,2,-1,3,3
2,2,3,1,3,4,1,3,1,1,1,1,2,2,1,2,1,1,1,3,3,4,4,3,4,2,1,1,1,1,1
3,2,1,3,1,1,1,1,3,2,3,1,4,3,4,1,3,1,1,3,1,2,4,1,2,1,1,1,2,3,8
34
0,0
33,33
8,1,3,3,2,1,3,4,1,4,1,4,3,1,2,1,3,3,1,2,2,3,4,1,1,1,1,3,4,3,4,1,1,4
1,1,1,2,1,1,3,1,1,3,2,1,3,2,3,1,1,1,3,1,2,1,3,2,4,2,2,3,3,3,2,2,3,4
1,4,-1,4,1,4,2,1,4,2,2,1,4,4,1,1,1,1,1,4,4,1,2,2,1,2,1,1,1,1,1,2,1,3
1,3,2,1,3,1,4,2,1,1,2,4,1,3,1,4,4,1,1,1,1,2,1,2,1,2,3,1,1,1,1,3,1,2
1,4,1,2,-1,4,3,1,3,1,1,2,2,2,1,4,3,1,3,1,4,3,4,1,1,1,3,1,1,4,4,2,1,1
2,3,4,2,1,4,4,3,3,3,1,3,2,1,1,1,2,2,1,3,2,2,4,1,4,1,4,4,1,4,1,2,4,1
1,1,1,1,1,1,-1,1,1,2,4,3,1,2,1,1,2,2,1,2,4,1,3,3,1,3,4,2,1,3,4,3,1,2
4,2,4,3,1,1,2,2,1,2,1,1,1,3,2,1,1,3,3,1,1,4,4,2,3,2,2,2,2,3,2,1,2,1
1,1,3,4,2,3,3,1,-1,4,3,4,3,4,2,1,4,1,3,1,2,1,4,1,1,1,1,1,4,1,1,1,2,2
2,1,2,1,1,3,2,4,2,1,1,1,3,2,1,1,4,1,1,4,1,3,2,2,3,2,2,4,3,1,3,1,2,1
2,3,1,1,1,3,3,1,1,2,-1,1,1,4,3,2,1,1,1,2,2,3,4,2,1,2,3,3,4,1,1,4,4,2
1,4,1,1,2,3,3,1,1,1,2,4,3,2,4,1,1,2,4,4,1,4,4,4,4,1,1,1,1,2,3,2,3,1
3,1,1,3,4,1,1,1,1,1,4,1,-1,1,4,2,1,1,1,1,1,1,4,2,3,1,1,2,4,1,1,2,2,1
2,3,4,1,2,1,1,1,2,3,4,4,1,1,4,1,3,1,4,4,1,2,4,2,1,4,4,2,3,4,4,3,4,3
3,1,1,1,4,1,4,3,4,4,1,3,3,1,-1,4,4,3,3,3,2,1,4,4,4,3,3,3,3,2,4,1,1,4
3,1,4,2,4,3,4,4,4,2,4,1,3,1,1,1,3,3,3,1,2,2,1,2,3,3,2,2,1,3,3,4,1,3
2,4,3,3,1,4,2,1,2,1,1,3,1,2,4,1,-1,3,4,2,3,2,1,1,4,1,1,1,2,1,3,1,2,3
4,2,1,1,4,2,3,2,3,2,4,4,4,1,4,3,1,2,3,1,4,4,3,4,4,3,2,4,4,4,3,4,3,3
2,4,2,3,2,1,1,3,1,4,2,1,4,2,3,2,1,1,-1,1,1,1,3,3,1,3,4,1,4,3,1,3,2,1
1,4,3,3,3,4,4,2,1,4,4,1,3,4,1,2,2,4,4,1,3,2,1,4,1,4,2,3,1,1,3,1,1,1
2,1,1,1,3,3,2,1,4,1,1,2,3,3,4,4,4,4,3,1,-1,3,3,1,1,3,3,2,1,1,3,3,3,1
1,3,1,2,3,1,1,1,1,4,3,1,1,4,4,4,3,2,2,1,1,1,4,3,3,1,2,3,1,1,1,3,3,1
2,4,1,3,4,2,4,4,4,4,1,3,1,4,3,1,2,3,1,1,4,1,-1,1,4,1,3,4,4,3,1,2,4,3
1,3,2,1,1,4,2,3,2,3,4,2,3,1,3,1,4,2,2,2,1,3,4,1,3,1,1,4,2,1,4,4,1,4
1,1,3,1,1,2,3,4,1,1,2,3,2,1,2,1,4,4,4,1,1,4,1,1,-1,1,1,2,1,2,1,4,4,1
4,1,1,2,1,1,1,4,1,4,2,1,1,1,1,1,3,2,1,1,3,2,3,2,1,4,4,1,3,1,1,4,2,2
3,4,1,3,1,3,2,2,3,4,1,4,1,1,3,4,4,2,3,2,4,4,4,1,4,4,-1,3,4,3,2,2,4,1
1,1,3,1,1,4,2,1,1,3,1,4,4,4,3,2,2,4,3,1,4,3,1,1,3,1,1,1,4,2,2,2,1,1
4,1,2,1,4,2,4,4,1,3,4,1,2,3,1,1,1,1,1,3,1,4,1,1,1,1,1,4,-1,1,2,2,4,4
1,4,1,1,1,1,1,1,1,1,4,2,1,2,3,4,1,3,1,3,2,2,1,1,3,1,3,1,3,3,4,1,4,2
2,4,2,1,1,4,2,2,1,1,1,1,1,3,2,1,3,1,1,4,3,3,1,1,3,1,1,4,2,1,-1,1,1,4
3,1,1,1,3,3,1,1,4,4,3,3,1,3,1,1,2,4,1,2,1,3,3,2,4,2,3,1,3,1,4,1,3,4
1,3,4,1,4,4,4,4,4,4,3,1,1,1,1,1,1,3,1,1,1,1,2,1,2,1,3,4,3,1,1,1,-1,1
1,1,4,1,1,1,1,1,1,4,1,2,2,2,2,3,2,3,1,4,1,3,1,4,2,4,1,4,1,2,4,2,2,6
37
0,0
36,36
9,3,2,2,3,1,1,1,2,4,1,2,4,1,1,3,1,1,2,1,4,1,1,2,2,4,2,4,1,2,4,1,1,3,1,1,1
4,1,1,1,2,2,4,1,1,2,4,1,2,4,2,2,1,4,1,1,1,2,3,1,1,1,3,2,1,3,2,2,1,4,2,1,1
2,1,-1,1,2,4,3,1,1,2,1,3,3,3,1,1,1,4,4,2,2,1,1,2,1,1,4,1,2,4,2,4,2,1,3,4,1
1,3,4,1,3,2,4,1,3,1,4,2,1,3,1,3,1,4,4,1,1,2,3,1,4,4,1,2,2,1,4,1,1,3,2,3,1
3,1,1,1,-1,1,3,3,2,1,4,3,3,4,1,1,2,1,1,4,2,3,1,1,4,4,1,3,3,1,1,2,2,3,3,3,4
1,3,3,4,4,1,4,4,3,4,3,4,2,2,4,2,1,4,2,2,1,1,1,2,2,1,2,1,3,2,1,1,1,1,2,1,1
2,1,1,3,1,1,-1,4,1,1,2,2,2,4,1,4,2,3,2,2,2,1,2,4,1,1,2,1,3,4,3,2,1,4,2,1,1
1,2,1,1,1,2,1,1,1,1,3,4,4,3,3,4,1,3,1,1,2,3,1,1,3,1,3,4,2,1,2,3,4,2,4,2,2
1,3,2,1,4,3,2,2,-1,3,4,2,4,1,1,4,3,2,2,3,2,1,1,3,4,1,4,1,2,2,1,3,2,3,2,3,3
4,1,1,1,2,4,4,4,1,1,3,4,3,3,1,1,1,2,1,2,3,4,1,1,1,1,1,1,2,3,3,3,1,1,3,3,2
1,4,3,1,2,2,4,1,1,1,-1,3,4,2,3,4,3,1,1,1,1,1,2,1,1,3,4,4,1,4,2,1,4,2,4,1,1
4,4,2,2,4,2,2,3,1,3,3,2,4,4,1,2,3,1,1,3,1,1,1,1,4,3,4,1,3,3,4,4,4,4,3,1,1
2,3,4,1,4,3,4,3,1,1,3,4,-1,2,2,1,4,4,1,4,4,3,4,4,2,1,1,1,4,1,1,1,4,1,2,1,2
3,1,2,2,4,3,1,3,1,2,2,1,2,3,1,2,3,1,1,3,1,3,2,1,1,1,3,3,1,1,1,3,1,1,1,2,3
3,1,4,1,4,1,4,2,2,1,1,2,1,1,-1,1,1,3,1,1,3,1,1,3,1,2,1,3,4,3,3,3,3,4,3,4,1
1,4,2,3,4,1,3,2,3,3,3,1,1,4,1,1,3,1,4,1,3,2,4,1,1,2,2,2,3,1,2,3,1,1,3,2,1
2,4,4,1,4,2,3,4,1,4,4,2,3,4,2,2,-1,3,4,1,2,1,1,1,4,1,3,1,3,2,2,1,2,4,3,1,3
1,2,4,2,1,3,2,2,1,4,1,1,3,1,1,2,1,1,3,2,4,4,1,2,3,3,1,4,3,4,3,1,4,4,3,2,4
1,1,1,1,1,3,1,2,3,3,4,4,1,1,1,2,3,1,-1,1,3,1,4,4,1,2,3,4,1,1,3,2,3,1,3,1,1
2,2,3,1,1,1,4,4,3,1,2,3,4,1,3,1,2,2,1,1,1,2,2,4,2,2,4,4,2,4,4,4,3,2,2,1,2
1,1,1,4,4,1,4,1,3,4,3,3,1,1,4,3,2,1,1,4,-1,2,2,1,1,1,3,3,1,4,3,1,4,1,3,1,3
2,1,3,3,4,1,1,4,2,1,3,2,3,3,3,1,2,3,3,1,3,3,1,2,1,4,3,4,2,4,2,4,2,2,4,1,4
1,2,1,3,2,1,3,2,4,1,4,1,3,2,1,3,1,3,1,4,3,1,-1,4,1,3,1,2,1,4,1,3,3,3,1,1,1
1,3,2,1,1,4,1,2,1,4,2,1,1,3,3,4,1,3,4,1,4,2,3,1,1,1,4,1,2,1,1,1,4,4,3,1,3
1,3,3,2,2,3,4,1,4,3,3,4,1,1,1,4,4,1,4,1,1,1,4,1,-1,4,2,4,4,3,3,1,3,3,2,1,4
3,3,1,2,3,4,4,4,4,3,1,1,2,2,2,4,1,1,3,2,3,4,1,1,2,3,1,3,1,2,4,4,2,4,3,1,1
2,1,4,2,1,2,4,3,1,1,1,2,1,1,1,1,3,3,1,1,1,1,4,1,4,3,-1,1,3,1,1,1,1,1,2,3,1
3,3,2,1,2,4,2,2,1,1,1,2,1,4,2,1,3,4,1,3,2,3,1,2,1,3,1,3,2,3,4,1,4,2,2,1,3
2,1,1,2,3,2,4,1,1,1,3,1,2,2,1,1,1,4,2,4,4,1,1,1,1,4,1,4,-1,4,2,1,4,2,1,1,1
4,1,1,1,1,3,4,2,3,1,1,2,3,4,3,3,1,3,1,2,1,4,1,1,2,2,1,1,2,2,1,3,2,1,3,2,3
4,2,3,1,2,2,1,3,1,3,1,1,1,2,2,1,3,3,2,2,1,1,1,2,1,4,1,1,4,1,-1,3,4,4,1,3,1
1,1,1,1,4,4,2,1,2,2,2,2,2,4,4,3,1,1,4,1,4,2,2,4,3,1,4,2,3,2,3,3,1,1,1,1,1
3,1,1,3,3,2,1,1,3,3,1,1,4,3,1,1,1,1,4,3,1,3,1,1,1,1,3,4,3,3,1,1,-1,2,4,2,1
1,2,4,1,1,1,1,3,1,3,4,4,4,4,1,2,1,1,1,3,4,1,1,4,2,1,1,2,1,3,3,3,2,3,1,2,1
2,1,3,2,1,2,4,1,3,1,2,2,4,1,3,1,4,3,1,4,4,2,1,4,1,1,1,1,4,3,1,3,3,1,-1,2,3
1,2,4,3,2,1,2,3,4,1,2,2,1,4,3,3,2,2,1,1,1,2,4,3,1,3,4,2,4,1,3,1,1,2,4,4,1
4,2,4,4,2,4,1,1,4,1,1,4,2,1,4,2,4,1,1,2,4,4,3,2,2,4,4,1,1,4,1,1,3,3,1,1,5
40
0,0
39,39
3,1,3,1,4,3,2,1,1,2,1,2,1,3,3,1,1,2,1,4,1,1,1,1,1,3,2,3,2,1,2,4,3,2,1,2,3,3,4,3
1,2,2,3,2,1,1,3,1,4,2,1,1,4,1,2,1,1,1,2,3,1,1,1,2,1,1,1,1,1,3,3,1,1,3,3,1,1,1,3
1,1,-1,1,2,2,4,2,2,1,4,2,1,3,1,4,1,1,1,1,2,1,3,3,1,4,1,1,1,1,3,1,2,4,1,4,1,2,3,3
4,3,2,1,3,2,1,3,3,1,1,1,3,1,3,1,1,1,2,1,1,2,2,1,2,1,1,3,3,1,4,2,4,1,4,4,4,2,4,2
1,4,4,3,-1,4,1,2,1,2,2,4,2,1,1,4,2,2,4,1,3,3,4,4,2,1,3,3,2,2,2,2,4,1,1,4,2,1,4,2
1,3,3,3,1,3,4,2,3,3,4,1,4,3,1,1,1,1,4,3,1,3,3,1,4,1,1,3,4,1,1,1,4,1,1,4,1,4,3,4
1,2,1,4,2,4,-1,3,1,3,4,3,1,2,3,2,3,1,1,2,2,2,1,1,3,1,2,2,2,1,1,2,4,4,3,2,1,2,2,3
1,1,1,3,1,1,1,1,2,2,3,4,4,1,1,1,2,3,2,1,1,1,1,1,1,3,4,2,1,2,1,2,1,2,1,1,4,2,1,1
4,1,1,4,3,3,1,1,-1,3,4,1,3,1,1,1,1,1,3,1,2,1,1,4,2,1,2,3,1,1,4,1,2,2,1,3,2,2,1,1
2,1,1,1,1,2,3,1,2,3,4,1,3,4,2,3,2,1,1,1,1,3,1,1,2,1,3,4,1,4,1,2,2,2,2,2,1,2,1,1
1,1,3,1,3,1,4,1,1,2,-1,2,2,2,4,4,1,3,4,1,4,2,2,1,4,2,1,3,1,3,3,2,1,2,1,3,3,4,1,1
3,3,1,1,1,4,2,1,4,1,3,4,1,3,2,1,1,1,1,1,4,3,1,4,2,1,2,1,1,2,3,2,1,3,3,3,3,1,1,4
4,4,3,4,2,3,1,4,3,1,3,4,-1,3,3,4,1,2,2,4,2,1,1,4,4,4,2,4,2,3,3,3,1,4,4,4,2,1,4,2
4,2,2,1,2,2,3,1,1,1,1,2,1,1,1,1,3,1,1,2,1,1,1,3,1,4,3,4,2,4,3,2,3,1,1,2,1,3,3,2
1,3,4,3,1,2,4,4,1,1,1,4,1,3,-1,3,3,1,2,2,1,1,1,4,3,2,2,1,2,1,2,1,1,3,3,1,2,2,3,3
4,1,2,2,1,1,1,1,2,4,2,1,2,4,1,2,3,2,2,2,4,1,2,1,4,1,2,3,1,2,1,4,4,1,4,4,2,4,4,1
1,3,1,1,2,3,2,2,2,1,1,3,4,2,4,3,-1,4,1,1,1,1,1,2,2,1,1,1,2,2,4,3,1,3,1,1,1,4,3,1
1,1,4,1,2,4,4,4,3,2,1,1,4,3,4,2,3,2,1,2,1,1,2,3,3,2,1,1,1,1,2,3,1,2,4,1,1,1,4,1
1,1,4,4,1,3,3,1,3,4,4,3,1,1,3,4,1,3,-1,2,4,1,3,4,2,2,1,1,1,1,3,1,4,2,1,1,3,1,1,3
1,1,1,2,4,1,3,1,1,1,4,2,1,2,4,4,2,1,1,2,1,4,4,1,4,1,2,4,2,4,2,1,4,1,4,3,3,2,1,4
1,1,2,1,2,3,2,1,3,3,3,2,1,4,4,4,2,2,1,4,-1,2,2,2,4,1,3,2,1,3,1,1,1,1,3,3,3,1,4,2
1,1,1,1,1,1,2,3,2,2,1,1,4,2,3,3,1,1,1,1,1,3,2,2,4,1,2,4,3,3,3,4,1,4,2,2,1,4,2,4
1,2,1,2,1,3,2,2,1,4,1,4,3,3,1,4,1,1,3,1,4,2,-1,1,3,1,3,3,1,1,3,1,1,3,4,4,3,3,1,4
3,1,1,1,1,4,1,4,4,1,3,1,4,1,2,3,3,2,3,3,1,1,2,1,1,3,1,4,1,3,1,4,1,3,1,1,2,2,1,1
1,4,4,1,2,3,4,1,1,1,4,1,1,3,4,1,1,1,1,3,1,4,4,4,-1,2,4,4,1,3,2,1,4,3,3,2,1,4,3,2
4,4,1,3,1,1,1,1,4,1,1,2,2,1,1,1,1,3,2,1,1,1,1,2,1,1,4,2,4,4,1,1,1,1,1,1,4,1,4,3
4,1,1,2,4,3,3,4,1,1,2,4,3,2,2,3,2,3,2,2,3,3,1,1,4,1,-1,1,4,1,3,3,4,1,2,1,4,1,1,2
4,4,2,4,1,1,2,1,4,2,1,2,1,1,3,2,3,2,2,2,1,3,2,2,3,1,3,4,3,1,4,2,1,1,1,4,4,1,1,3
2,1,3,3,2,3,2,1,1,4,4,4,4,1,1,1,1,4,4,4,1,3,1,3,1,4,4,1,-1,4,1,1,1,4,1,3,2,3,1,1
3,4,4,2,1,1,2,2,2,4,4,1,4,2,1,3,2,1,1,1,1,1,2,3,2,4,4,1,2,4,2,2,1,2,2,2,3,4,1,2
1,1,3,2,1,4,1,2,4,1,1,1,4,2,2,1,1,1,3,4,2,1,1,3,1,3,1,1,1,4,-1,2,1,2,4,1,3,4,1,1
2,1,1,1,3,1,4,1,1,3,1,4,1,4,2,3,4,1,3,1,1,1,4,2,1,3,1,3,1,1,3,4,4,2,1,4,2,1,1,4
1,1,1,4,2,4,2,1,4,1,1,1,3,4,1,3,4,1,3,1,2,2,1,3,1,2,2,3,1,3,4,2,-1,1,2,3,1,4,1,1
2,1,3,2,2,3,1,4,4,1,2,3,4,3,2,1,2,1,4,3,4,1,3,1,2,1,1,3,1,2,1,1,1,3,2,1,3,4,1,2
1,3,3,4,3,2,1,1,3,1,1,3,3,4,1,1,1,1,1,1,1,1,1,2,1,3,2,1,4,1,2,4,4,2,-1,2,4,3,1,3
4,2,3,2,3,3,1,1,4,1,2,4,1,2,2,3,2,1,1,4,2,2,3,3,2,1,1,1,4,3,1,3,2,4,3,2,3,1,4,4
1,1,1,4,1,3,4,3,1,4,4,1,3,3,3,1,4,1,4,1,4,1,4,3,1,4,1,1,4,1,4,2,1,1,1,2,-1,2,3,4
1,2,4,1,2,3,2,4,1,3,1,2,3,1,1,1,3,2,1,4,2,1,1,1,2,4,1,3,1,1,2,4,1,3,1,4,3,1,3,4
3,1,1,3,4,3,4,4,3,4,3,1,1,1,3,4,1,1,4,3,1,3,4,3,3,1,3,2,2,3,3,2,1,2,1,1,1,1,-1,3
1,4,1,1,4,1,4,1,2,1,1,1,1,1,4,3,3,2,1,2,1,4,1,2,1,3,4,3,1,1,4,1,4,2,3,1,3,2,4,10
43
0,0
42,42
6,4,2,1,3,2,1,3,1,4,4,2,3,2,1,2,1,1,4,2,3,3,4,2,1,2,1,1,1,1,4,4,2,2,3,1,1,4,1,3,1,2,1
3,1,1,2,3,2,1,1,3,1,1,2,1,1,1,2,1,3,2,1,1,1,1,3,2,1,4,1,1,4,1,4,4,4,1,4,3,4,4,3,3,1,1
3,1,-1,2,3,1,4,1,2,1,1,3,3,3,4,1,4,3,2,1,2,3,4,3,4,1,2,2,1,4,1,1,2,3,3,2,4,3,3,4,3,2,4
3,2,3,4,3,2,4,1,1,4,1,1,3,4,4,1,1,1,1,1,3,1,4,2,2,2,3,1,3,1,1,1,4,1,3,2,3,4,1,1,3,2,1
2,1,3,3,-1,4,1,2,4,4,3,1,1,1,4,1,1,1,2,4,2,3,2,2,3,1,3,1,1,2,3,4,3,1,4,1,1,1,1,1,1,3,3
2,1,4,4,2,3,2,2,2,2,4,4,1,3,2,3,1,4,1,4,4,3,3,2,1,1,2,2,1,1,2,1,4,3,1,2,3,4,4,1,1,1,1
4,1,1,2,1,1,-1,4,3,4,2,1,1,4,3,1,1,1,2,1,1,3,3,4,1,2,1,2,3,3,1,3,3,2,2,1,3,1,2,1,2,1,4
4,1,2,4,2,1,4,1,2,2,3,2,1,1,4,1,1,2,2,1,3,4,3,4,4,1,1,3,4,3,2,1,1,1,1,4,1,1,4,1,4,4,2
1,4,4,2,1,1,4,2,-1,3,2,1,4,1,2,2,4,2,1,1,2,2,3,1,1,1,2,1,1,1,1,2,2,4,4,4,1,1,3,2,3,2,3
4,2,2,2,4,4,3,1,4,1,1,2,3,1,1,4,3,3,1,1,1,1,1,2,4,1,2,2,1,4,2,1,1,4,4,2,1,3,1,4,1,1,2
1,3,4,1,1,2,3,3,3,4,-1,2,4,4,4,3,2,3,1,3,2,1,4,1,1,2,1,1,1,4,1,2,2,4,1,1,1,1,1,2,4,1,1
1,4,1,1,2,1,1,2,1,3,1,2,1,1,3,3,3,4,3,2,4,2,4,1,1,4,3,4,1,3,1,1,1,2,2,4,1,4,1,1,3,4,3
3,1,3,3,1,3,1,3,4,1,3,4,-1,2,4,2,1,1,1,2,2,4,1,1,4,1,4,2,1,3,1,1,1,1,3,2,1,4,2,1,1,2,1
4,2,2,3,2,2,3,4,4,2,2,1,3,3,1,1,1,1,3,1,1,4,4,1,2,1,4,2,2,2,1,3,4,3,1,1,1,4,3,2,3,1,4
4,1,1,1,1,1,3,2,4,1,3,1,2,4,-1,2,2,2,2,1,3,1,2,2,3,3,1,1,4,2,4,3,1,2,1,3,1,1,1,1,1,1,2
1,1,1,2,2,2,1,4,3,4,3,1,2,4,1,4,3,4,1,3,4,3,3,2,3,3,4,1,1,1,2,1,1,4,1,4,4,3,3,2,2,4,2
1,3,4,1,1,1,1,1,1,4,4,4,4,4,4,4,-1,1,4,3,3,3,1,2,2,4,2,1,3,1,3,1,4,4,1,2,1,3,3,1,2,2,1
2,4,1,3,4,3,2,1,1,3,1,1,2,1,3,4,1,1,4,1,1,4,2,1,4,1,4,1,1,3,2,4,2,1,3,4,3,2,1,2,2,3,2
1,1,2,4,1,4,3,2,2,4,4,2,3,2,3,1,3,2,-1,2,1,1,1,2,1,1,1,3,2,4,3,2,4,1,3,1,4,2,3,1,1,4,1
2,2,4,3,1,3,1,2,2,2,1,1,1,1,2,1,2,1,4,1,2,1,1,3,1,2,1,1,1,1,1,1,4,1,1,4,1,2,4,3,1,4,4
2,4,1,1,3,4,1,1,1,2,1,4,1,1,2,1,1,1,2,3,-1,4,4,1,2,1,1,1,2,4,2,2,1,3,3,1,1,1,1,1,1,4,3
1,4,1,2,3,2,1,1,4,2,2,1,1,3,1,2,3,1,4,1,3,1,1,3,1,1,1,3,2,2,1,3,4,4,2,2,1,1,1,1,3,3,1
1,1,2,4,1,3,4,3,3,1,3,4,3,1,2,1,3,1,3,2,4,2,-1,3,3,2,3,1,2,3,1,4,2,1,3,3,4,4,2,1,2,1,4
1,3,3,2,2,1,1,1,4,4,2,4,2,1,3,1,1,1,2,4,1,3,1,4,4,4,1,1,4,3,2,4,4,1,1,1,1,3,4,3,2,3,2
2,1,2,2,1,1,4,2,1,4,2,1,1,3,3,2,2,4,1,2,3,1,1,1,-1,4,2,2,1,1,1,3,2,4,1,1,1,2,2,2,4,4,4
1,4,3,2,4,4,2,1,4,1,3,1,1,2,2,4,1,4,1,4,2,1,2,2,1,1,4,1,1,1,1,1,1,1,3,1,4,3,3,3,1,2,1
2,4,4,4,2,3,1,2,1,1,1,2,1,3,3,1,4,1,2,1,2,4,1,2,3,1,-1,3,1,3,1,1,4,4,1,2,1,1,1,1,4,2,1
1,3,1,3,2,1,1,3,3,1,1,1,1,2,3,1,1,3,4,1,3,1,3,2,1,1,3,3,1,2,1,1,1,1,4,1,3,2,1,3,1,1,1
3,1,4,4,1,3,3,4,3,1,4,1,1,1,1,4,1,4,1,3,1,2,1,2,2,2,2,1,-1,3,2,1,3,1,2,1,1,2,1,4,3,1,1
2,1,1,3,4,1,1,2,3,4,4,1,1,2,4,2,1,2,4,4,2,3,3,2,4,2,4,4,3,2,1,1,3,4,3,4,2,3,4,2,2,3,4
1,2,3,3,4,1,1,1,4,3,1,1,4,2,2,1,1,4,1,2,1,2,1,4,4,1,3,3,1,4,-1,2,1,1,2,2,2,2,2,1,2,4,4
2,4,4,4,4,3,1,2,1,4,1,2,1,1,2,3,2,1,1,1,3,2,4,1,4,3,1,2,3,4,2,1,1,1,1,1,1,2,4,4,3,4,1
4,2,1,2,1,2,1,3,1,2,2,2,4,1,2,3,4,4,2,1,4,3,2,1,2,1,2,3,1,1,1,1,-1,1,3,3,3,3,1,1,1,4,1
2,2,4,1,3,3,3,1,1,3,1,3,2,2,1,1,4,4,1,1,2,1,1,1,1,4,2,1,2,1,1,1,1,1,1,3,1,1,1,3,1,1,3
4,1,1,1,4,3,3,1,1,1,4,1,1,3,3,4,2,1,2,1,3,4,1,3,1,1,4,1,1,1,1,4,1,2,-1,2,1,2,1,3,2,1,4
1,1,4,4,2,1,1,2,3,1,1,3,3,1,2,1,2,2,2,4,1,1,1,1,2,4,1,1,4,1,1,4,1,1,4,1,2,2,4,2,3,4,1
4,2,2,1,4,1,2,3,2,1,1,2,4,2,1,1,1,1,2,1,4,2,2,4,4,4,3,1,3,4,3,4,1,1,4,3,-1,3,1,1,3,4,1
3,2,1,4,3,1,4,1,1,3,3,1,3,3,4,1,3,3,1,2,2,2,3,1,4,1,3,2,1,3,2,1,2,2,1,1,1,2,4,2,1,2,3
1,2,4,2,2,1,4,4,2,3,4,4,1,1,2,2,4,2,2,1,4,1,3,2,2,1,1,1,1,1,2,1,3,3,1,1,3,1,-1,2,1,1,1
1,4,1,2,3,3,1,3,1,3,2,2,2,2,3,1,3,3,2,2,3,1,2,4,1,4,3,4,4,4,2,1,3,3,1,1,4,2,2,4,1,4,1
2,3,1,2,4,1,2,1,1,1,1,1,1,4,4,1,1,3,1,1,4,3,2,2,2,1,4,3,1,1,4,1,1,2,4,1,4,3,3,4,-1,3,2
1,1,1,2,2,1,2,1,2,1,1,1,1,1,4,4,2,2,1,4,3,3,1,3,2,4,3,3,2,3,1,2,1,3,1,3,1,2,4,4,1,1,4
3,2,1,2,1,2,4,1,2,2,1,2,4,4,1,4,4,1,1,1,1,4,3,4,1,3,1,2,1,1,1,3,1,3,2,1,3,2,3,1,4,4,2
46
0,0
45,45
2,1,1,1,2,1,3,3,3,4,1,3,2,3,4,1,1,2,1,1,1,4,3,2,3,1,3,4,1,4,1,1,2,3,4,1,3,4,4,3,4,1,2,3,1,3
3,3,2,1,1,2,1,1,1,4,1,2,1,1,1,1,4,3,4,1,4,4,1,1,1,1,4,2,4,1,2,4,1,4,1,1,4,2,1,2,3,3,4,3,1,1
1,2,-1,3,2,3,2,4,4,2,1,1,1,1,1,3,3,1,1,4,3,4,3,1,3,3,4,3,3,1,1,4,4,2,2,1,2,1,1,3,4,3,3,3,2,4
1,1,2,3,1,2,4,4,3,3,4,4,1,2,1,2,1,1,1,4,2,1,1,1,4,2,1,3,1,4,2,4,4,1,2,2,3,2,1,4,1,2,3,3,4,1
2,1,2,1,-1,4,1,3,1,1,1,4,4,3,3,3,2,3,1,4,2,1,3,4,1,1,3,1,3,3,3,2,4,1,3,1,2,1,1,1,2,3,4,3,1,3
3,3,3,4,1,1,1,3,1,3,4,1,4,4,3,2,2,4,1,2,2,2,3,1,2,3,3,2,1,2,2,1,2,1,1,2,2,2,1,4,1,2,1,2,3,4
2,1,1,2,4,2,-1,1,2,3,3,2,2,1,4,4,3,2,1,1,1,1,4,4,1,1,1,3,1,1,4,2,2,4,1,4,3,2,4,1,1,2,4,1,3,1
1,4,1,1,4,1,1,3,1,3,1,4,1,1,1,1,1,4,1,1,3,4,3,4,1,1,1,1,1,1,3,2,1,3,4,4,2,1,1,3,1,1,4,1,4,1
3,4,2,4,1,2,3,3,-1,4,3,4,1,1,1,1,1,3,3,4,4,1,4,4,1,1,2,2,2,1,3,2,1,2,1,1,1,1,1,4,1,4,3,1,2,1
1,2,3,2,1,1,4,2,4,1,3,2,4,2,3,4,4,1,1,1,3,4,1,4,3,3,1,3,1,2,3,1,4,4,2,2,1,3,4,1,1,4,4,4,1,3
3,1,1,1,2,4,1,1,3,3,-1,1,3,1,4,4,3,3,1,1,2,1,1,1,1,1,1,1,1,3,1,1,1,4,3,4,3,3,4,4,4,1,4,2,1,4
3,3,4,3,1,2,4,2,1,3,1,3,1,1,1,2,1,2,1,3,1,1,3,3,1,2,4,2,2,1,3,1,1,2,4,1,1,1,1,2,3,1,1,4,4,3
1,4,1,4,2,4,1,1,2,3,1,3,-1,4,1,3,4,2,3,1,3,4,1,3,3,4,1,1,4,4,4,2,3,1,4,2,1,2,1,4,1,1,1,3,4,2
3,1,4,1,1,4,3,2,4,3,1,4,1,2,4,1,2,4,3,1,2,4,3,2,1,1,4,1,1,1,2,4,1,3,2,1,2,2,1,1,1,4,3,2,1,2
4,3,1,4,1,1,1,4,4,1,2,3,3,2,-1,3,3,1,1,1,2,4,1,1,2,1,4,1,1,2,4,1,3,3,1,4,3,1,1,3,4,3,3,3,2,4
1,1,1,2,4,4,3,4,4,3,3,3,3,1,3,3,2,1,3,1,1,1,3,1,1,3,1,2,3,1,1,4,2,1,3,3,1,4,2,1,2,1,1,2,3,3
2,1,1,1,2,2,4,1,1,2,1,4,4,3,1,1,-1,4,1,1,2,4,4,4,1,3,2,3,1,1,4,1,2,1,1,1,2,1,3,1,4,4,4,3,4,4
1,1,1,4,1,2,3,1,3,1,1,2,1,1,4,4,2,3,4,3,4,4,1,3,1,1,4,1,1,1,1,2,1,1,3,2,1,4,4,3,1,4,1,2,2,1
1,4,4,3,4,1,4,1,1,2,3,1,2,1,2,1,1,3,-1,4,3,3,3,4,1,3,4,4,3,3,2,1,4,3,4,1,3,1,4,1,2,2,2,1,1,4
3,1,1,1,1,1,4,3,4,3,4,1,4,2,3,1,3,1,1,1,1,2,2,2,3,2,1,1,1,2,2,4,4,4,2,4,4,4,1,3,4,4,4,3,3,4
2,3,1,3,1,4,1,3,1,3,2,3,1,2,1,3,3,4,2,1,-1,3,1,1,1,1,2,2,4,1,4,1,1,1,2,1,2,2,1,3,3,3,1,4,2,4
4,1,3,3,4,4,1,1,2,4,2,4,2,3,1,3,2,2,1,4,1,2,3,3,1,1,1,4,2,1,3,3,3,4,1,2,1,2,1,3,2,2,4,1,3,1
4,1,1,1,4,2,4,2,1,2,1,3,1,1,1,1,4,4,1,2,3,1,-1,4,1,4,3,1,2,1,4,1,3,1,2,2,3,3,2,1,1,3,3,2,1,1
4,4,4,2,2,1,3,4,4,1,1,4,1,2,3,2,1,1,3,4,1,1,3,3,1,1,3,1,4,1,1,1,2,3,2,1,3,1,1,4,3,2,1,1,4,3
3,1,2,1,1,1,2,1,3,1,1,3,3,2,3,1,3,1,1,1,3,4,3,3,-1,1,2,1,2,3,1,1,4,3,1,2,3,1,4,3,2,2,3,2,1,4
1,3,1,2,1,1,4,4,1,4,1,3,1,3,1,2,1,3,2,2,1,3,4,4,3,4,2,2,1,2,1,2,2,4,1,2,4,4,1,1,1,4,3,1,2,1
1,4,4,2,3,4,2,3,1,1,2,3,3,1,2,1,3,4,1,1,1,2,1,1,2,1,-1,2,4,3,1,4,2,2,4,1,1,1,1,4,4,3,4,4,3,1
2,3,2,1,3,4,2,1,1,1,3,1,1,4,1,1,4,2,2,1,1,1,3,1,2,1,1,2,4,2,3,2,1,1,2,1,2,4,4,1,2,4,2,2,4,2
4,1,1,4,1,2,1,1,1,2,1,4,1,1,1,1,4,3,3,3,4,1,4,1,2,1,1,4,-1,4,1,4,4,4,3,1,1,1,4,4,3,4,3,4,1,1
1,2,4,4,1,1,1,4,2,3,1,2,4,1,2,1,1,3,1,1,2,3,1,1,4,1,2,4,2,1,1,4,3,1,1,4,3,4,3,1,4,1,2,4,3,1
1,3,2,3,1,4,4,2,2,3,3,4,1,1,1,1,1,1,2,2,1,1,3,1,2,2,3,2,3,2,-1,1,2,2,1,3,3,4,2,1,1,1,2,1,1,4
2,4,1,2,1,2,2,1,1,1,4,3,2,4,2,2,4,2,2,2,2,1,1,1,3,3,1,2,1,3,1,3,3,2,1,1,1,4,3,1,1,4,2,1,3,1
1,1,3,2,2,1,4,1,1,4,4,3,1,4,2,3,4,1,2,1,3,3,3,1,2,4,2,4,1,1,1,2,-1,1,1,3,2,1,3,1,2,4,3,3,1,1
3,1,2,1,2,3,1,1,1,3,1,4,4,3,1,1,1,3,2,1,3,1,4,3,3,1,3,2,4,4,4,3,1,4,1,1,2,1,2,3,1,4,2,2,2,4
1,1,4,1,1,4,2,2,3,2,3,3,4,1,4,4,3,1,3,1,1,2,4,3,1,2,4,1,1,2,1,1,4,1,-1,1,2,1,3,1,3,3,3,4,3,4
1,3,1,3,4,3,2,3,1,3,2,3,1,2,1,1,1,1,4,4,1,2,4,1,4,4,2,1,4,1,4,4,4,4,1,1,2,2,1,1,2,2,4,2,2,1
1,2,4,2,1,1,4,3,4,4,4,1,4,1,3,1,1,4,1,2,4,4,1,1,2,1,4,3,3,1,1,1,1,1,4,2,-1,3,2,4,4,1,2,1,2,1
1,4,1,3,3,1,2,4,3,2,1,2,1,1,1,4,2,1,4,1,4,4,2,3,3,3,1,1,4,4,1,2,3,3,1,3,1,4,2,4,1,1,3,4,3,3
3,1,1,4,4,2,4,3,1,2,1,3,1,2,2,3,4,2,1,4,1,2,4,4,4,2,4,2,1,2,3,1,1,1,1,1,1,2,-1,1,4,1,4,1,1,3
4,4,1,2,1,2,2,2,2,1,4,3,1,3,3,1,4,3,1,2,1,2,4,1,1,1,2,2,4,2,1,4,4,3,1,1,1,3,2,4,1,1,3,2,1,1
2,1,1,1,1,2,1,2,2,1,1,1,4,4,4,2,1,3,1,2,3,2,2,2,2,4,3,2,1,1,3,1,3,4,1,1,1,1,4,1,-1,4,1,3,1,2
1,1,2,2,3,2,2,1,4,1,2,1,3,3,2,1,3,1,2,2,2,3,1,2,1,4,3,1,1,4,1,1,3,3,1,1,1,2,4,1,3,1,1,1,1,4
4,2,1,1,4,4,1,4,3,1,1,1,4,1,3,1,3,1,4,1,4,2,2,1,4,2,4,2,1,1,1,4,1,3,2,4,2,3,1,1,1,3,-1,1,4,1
3,1,4,2,1,4,1,1,1,1,4,4,3,1,2,4,4,2,2,4,1,1,2,4,3,1,2,2,2,4,1,2,1,1,2,3,4,3,1,1,4,1,1,2,1,3
4,1,2,1,1,1,1,1,1,3,1,4,2,1,1,3,2,3,1,1,2,4,1,2,2,4,4,4,4,4,2,3,3,2,1,3,3,1,1,3,1,3,4,2,-1,2
2,3,1,2,4,2,3,1,2,1,1,1,1,2,3,4,1,1,1,1,1,4,3,2,4,1,1,4,2,1,1,1,1,1,2,2,1,1,1,1,3,2,3,3,1,4
49
0,0
48,48
8,1,4,1,1,2,3,1,2,1,1,2,3,4,2,1,3,1,1,4,4,2,1,3,4,4,1,1,1,1,3,1,3,2,1,1,2,1,1,1,4,1,3,2,4,2,1,2,4
2,3,1,4,4,3,1,4,2,2,2,1,1,2,3,4,1,1,1,2,1,1,3,1,3,3,4,3,4,4,4,1,4,4,1,4,1,2,1,2,4,2,4,1,4,1,1,2,1
4,2,-1,4,1,1,4,3,3,4,2,4,3,1,3,3,2,2,1,4,4,4,3,1,3,4,3,3,2,1,1,3,4,3,4,1,1,3,1,1,1,1,4,3,1,4,3,3,4
3,2,3,2,3,1,3,4,1,1,1,2,3,1,2,2,1,4,4,1,4,4,1,1,1,4,2,4,1,2,3,3,1,2,3,4,4,1,1,1,2,4,3,3,1,2,1,1,1
4,4,3,3,-1,4,1,2,3,4,2,1,3,2,4,2,1,1,3,3,1,4,3,1,2,1,2,1,3,1,3,2,1,1,2,2,3,2,1,3,1,3,4,1,3,1,1,1,1
3,4,2,2,4,3,1,1,2,2,3,2,2,2,4,4,4,2,4,3,3,2,1,4,3,1,4,3,1,4,1,4,1,3,1,4,3,3,1,2,1,1,4,3,3,1,4,4,1
1,4,3,2,1,4,-1,1,1,3,1,1,4,1,2,2,4,4,2,2,1,4,1,4,1,1,2,2,1,4,2,1,3,2,1,1,4,3,2,4,2,1,1,1,3,1,1,2,1
1,1,2,1,1,1,3,2,1,1,3,2,4,4,1,1,1,4,1,1,1,2,4,4,3,1,3,4,3,1,1,4,2,4,1,4,2,4,1,1,1,4,2,1,1,1,1,2,4
4,4,2,1,3,2,1,1,-1,1,4,2,4,1,1,3,1,1,1,2,3,3,3,4,1,3,1,1,1,4,2,1,3,4,3,1,3,2,1,1,1,2,3,4,4,1,3,1,3
1,4,1,4,2,1,2,2,3,1,4,4,2,1,2,2,1,1,2,2,3,3,2,1,3,3,1,3,1,3,3,4,4,1,1,2,3,3,4,3,4,1,2,3,2,1,1,4,1
3,3,4,3,2,2,1,1,1,1,-1,1,4,3,4,1,4,1,4,1,3,4,1,3,1,4,2,2,2,1,1,2,4,1,1,1,4,1,2,4,4,1,4,3,4,1,1,1,2
1,3,2,1,4,3,2,1,1,2,2,2,2,1,1,4,1,3,1,4,2,1,3,3,2,4,4,3,4,2,2,1,1,2,3,1,1,3,2,1,1,1,2,4,3,1,1,1,1
2,1,3,4,1,1,1,1,2,1,1,1,-1,4,2,3,2,4,3,1,3,3,2,1,3,2,4,4,3,3,1,1,1,1,4,2,3,3,1,1,1,3,1,2,2,1,1,1,4
3,2,2,4,1,3,2,2,1,3,2,1,1,4,1,1,1,1,3,1,2,1,2,1,3,4,3,3,1,1,4,1,3,3,4,3,3,3,2,3,1,1,3,3,1,1,1,2,2
1,3,4,1,1,2,4,4,1,4,1,3,3,2,-1,1,3,1,4,2,1,1,1,1,1,1,3,2,1,1,1,2,4,2,3,4,1,4,1,3,1,4,1,3,3,1,1,1,3
1,1,1,2,3,4,3,4,3,2,1,4,1,2,1,2,2,1,4,3,3,2,3,2,1,1,1,1,4,4,1,2,4,2,4,2,2,4,3,1,3,4,1,3,3,3,3,1,1
4,4,4,4,1,4,1,3,4,3,3,1,4,1,1,4,-1,4,1,1,3,3,1,4,1,2,2,1,2,1,2,1,2,1,1,2,1,1,2,2,3,1,2,1,2,4,4,4,1
2,2,1,1,3,1,3,1,4,4,2,2,1,1,4,4,1,3,2,4,1,4,2,3,3,4,1,1,3,4,1,1,3,2,2,2,4,1,4,3,4,4,1,2,1,1,2,3,1
4,2,4,1,2,2,1,1,4,1,2,1,3,4,4,2,4,1,-1,4,3,1,1,2,2,1,4,1,2,2,2,3,2,1,1,4,1,1,2,1,3,1,3,2,1,2,1,2,1
3,1,4,1,4,3,2,2,4,1,1,3,3,1,1,1,2,1,4,1,4,1,4,1,4,3,3,1,4,1,2,4,4,3,4,1,3,4,2,2,4,4,1,4,1,3,1,3,1
2,4,4,3,1,1,4,3,2,2,4,2,1,4,3,1,1,4,4,4,-1,1,4,2,4,3,3,3,1,4,3,3,3,4,3,3,1,2,3,2,1,4,2,2,1,1,4,1,1
3,1,1,2,1,2,1,1,3,4,3,2,2,2,2,3,2,2,4,2,2,3,4,1,2,1,4,1,1,1,1,1,1,3,3,2,3,4,4,3,1,2,2,1,1,4,4,4,3
1,1,1,1,2,3,3,3,2,1,1,4,3,3,1,2,1,4,1,3,3,3,-1,2,1,1,4,1,1,1,4,2,3,1,3,1,1,3,1,1,3,2,2,1,1,4,3,4,3
1,4,3,1,1,3,2,2,2,3,4,4,4,2,2,2,1,4,1,3,4,4,1,1,1,4,4,1,3,4,4,1,1,1,1,1,3,3,3,2,4,2,1,1,1,1,3,1,4
1,1,1,1,2,3,1,4,1,2,2,4,4,4,1,1,1,2,4,1,2,3,1,2,-1,1,3,1,1,1,2,1,3,4,1,3,2,1,2,2,4,4,3,3,3,1,1,1,4
2,2,2,1,4,4,1,4,2,4,2,4,1,3,3,1,2,1,1,2,3,4,1,4,1,2,4,1,3,2,1,1,4,3,3,1,4,1,2,2,4,4,3,3,4,1,3,1,4
1,3,4,1,2,3,1,4,1,2,2,2,3,1,4,4,4,4,3,1,1,2,1,2,1,3,-1,4,4,3,1,4,4,1,1,1,1,1,1,1,1,4,1,1,1,4,1,1,1
3,2,4,3,4,2,4,3,4,1,4,2,1,3,1,2,1,4,1,3,4,3,4,4,3,1,1,1,2,4,1,2,1,1,1,1,2,4,1,3,1,4,3,1,1,1,1,1,1
1,1,1,3,1,1,4,3,4,4,1,3,2,3,1,2,3,2,2,1,4,2,2,4,1,1,4,2,-1,1,1,3,1,1,4,1,4,3,3,3,4,4,4,1,2,1,1,2,4
4,2,4,2,1,1,4,2,1,3,3,2,3,3,1,1,2,1,1,2,4,1,3,1,1,4,4,2,2,1,3,3,1,4,2,2,4,2,4,1,2,4,4,1,1,2,4,4,4
1,2,1,1,1,1,3,2,4,2,1,3,1,4,4,1,2,3,1,1,3,4,3,4,1,1,4,4,1,4,-1,1,3,1,1,3,2,1,2,3,2,1,1,4,1,2,1,4,1
1,1,1,4,3,1,4,1,1,4,2,1,1,4,4,1,1,4,1,1,2,4,1,2,2,1,4,2,3,3,3,3,3,1,4,4,1,1,1,3,1,3,4,1,4,1,1,1,1
1,1,4,1,3,3,4,1,3,1,3,1,1,3,2,2,4,1,1,4,4,1,1,2,2,4,4,3,4,4,3,1,-1,4,1,1,2,2,1,1,1,1,4,1,1,1,1,1,4
3,2,3,4,3,2,3,2,1,1,2,1,1,4,1,1,1,2,3,3,1,1,1,4,4,2,3,2,4,3,1,2,1,4,3,1,2,4,3,1,2,2,1,4,1,2,1,3,2
1,3,1,4,4,4,3,1,2,1,2,3,4,2,1,4,1,3,3,4,1,3,2,1,2,3,1,1,1,4,1,1,3,1,-1,2,2,4,1,1,2,4,4,2,1,2,3,2,1
3,3,3,3,2,1,2,2,1,4,1,2,4,1,2,2,2,1,4,3,3,1,1,3,2,1,4,1,1,3,3,1,4,3,3,1,3,1,1,1,2,2,3,3,3,3,1,2,1
1,2,1,4,1,1,3,1,4,4,2,1,2,2,4,2,1,2,1,4,3,1,3,1,4,1,1,4,4,4,1,2,2,3,1,2,-1,4,1,2,1,2,4,4,1,1,1,3,3
1,4,3,2,2,4,4,1,1,1,1,1,1,1,1,4,2,2,2,4,2,2,1,2,3,1,4,4,4,2,2,3,3,1,2,2,1,1,4,1,4,1,3,1,2,3,2,1,1
1,2,1,1,4,2,4,2,3,3,3,1,2,1,1,4,4,4,3,2,3,3,1,1,1,4,1,4,1,4,1,4,1,3,1,2,2,1,-1,1,4,1,2,3,1,4,2,1,3
1,1,2,1,1,3,1,1,1,2,3,1,1,1,1,4,1,1,4,1,2,4,2,2,4,2,4,3,4,1,2,2,1,1,2,3,4,1,1,2,3,1,2,4,1,1,1,3,2
1,1,4,1,1,2,2,2,3,1,3,4,1,2,1,1,1,1,2,3,1,1,3,4,2,3,1,3,1,1,2,3,3,2,4,3,1,4,2,4,-1,1,3,1,3,4,1,1,1
3,1,4,1,4,3,3,2,1,3,1,3,3,3,2,1,4,2,3,3,1,2,1,3,2,1,3,2,3,1,4,4,1,1,4,1,4,4,4,2,1,4,1,3,4,4,1,1,2
3,1,4,2,2,4,4,4,2,1,3,3,3,4,2,3,3,2,4,1,4,1,1,1,4,1,1,1,1,3,2,1,4,3,2,1,2,1,3,2,1,3,-1,1,2,4,3,2,4
1,2,3,3,4,3,2,4,1,3,4,3,2,4,3,3,3,1,2,1,4,1,2,2,4,2,4,1,2,4,1,2,1,4,1,1,1,1,2,2,1,2,1,1,3,1,1,4,4
2,4,4,1,1,3,2,1,1,2,2,4,4,2,2,1,1,1,2,2,3,2,3,2,3,1,2,1,1,1,1,4,2,1,1,1,2,2,1,2,2,1,3,3,-1,1,1,2,3
1,4,3,2,4,1,2,4,4,1,1,1,2,3,3,4,1,1,3,1,1,2,2,1,1,2,1,2,4,4,2,4,4,1,3,1,2,1,2,2,2,3,3,1,3,3,1,4,4
4,4,3,1,3,1,1,2,2,1,1,1,3,3,2,3,1,3,1,4,1,1,1,1,1,1,4,3,2,1,1,3,4,1,4,4,1,2,1,1,1,2,2,3,2,1,-1,4,1
1,1,1,1,1,4,1,1,1,2,2,1,2,1,1,4,2,1,1,1,3,1,2,2,1,1,1,1,1,1,3,2,1,1,3,2,2,1,2,4,2,2,4,1,1,2,1,2,2
2,4,2,3,1,1,1,3,1,4,4,1,4,1,4,2,4,1,2,1,1,1,3,3,1,1,3,3,1,2,3,4,2,2,4,1,2,2,4,4,3,3,2,2,4,1,1,1,9
